-0.00013362	-0.00015722	-0.00016577	-9.326e-05	-6.6293e-05	-4.6031e-05	-1.8003e-05	-5.5526e-05	-4.1102e-05	-1.7148e-05	-4.3572e-05	-1.7252e-05	-8.1688e-05	-6.0103e-06	5.1898e-05	4.0764e-05	7.4712e-05	0.00017146	0.00026633	0.00048749	0.00025014
-0.00019589	-0.00019894	-0.00018298	-0.00016314	-6.9367e-05	-6.0747e-05	-3.2548e-05	-2.9881e-05	-9.7407e-05	-5.6393e-05	-6.0738e-05	1.8605e-05	2.044e-05	-2.2584e-05	-1.5534e-05	6.9578e-05	0.00012493	0.00015327	0.00021854	0.00058016	0.00029984
-0.00017011	-0.00014462	-0.00013664	-0.00013791	-0.00010548	-3.7098e-05	-1.9693e-05	1.669e-05	-4.029e-05	-4.3447e-05	-2.6476e-05	-8.4538e-05	2.566e-05	5.6207e-06	-5.2516e-05	6.4995e-05	5.4983e-05	0.00017351	0.0001763	0.00036762	0.0002954
-0.00020126	-0.00017058	-0.00014288	-0.00013587	-6.3436e-05	-2.5384e-05	-3.6416e-05	-6.5514e-05	-3.3655e-05	-1.3903e-05	-1.0266e-05	-1.3879e-06	-2.4855e-05	-1.0628e-05	4.8034e-06	5.5138e-06	0.00013303	0.00026816	0.00026657	0.00036496	0.00057006
-0.00026075	-0.00022835	-0.00019877	-0.00020108	-8.9559e-05	1.4729e-05	-1.19e-05	-7.5676e-05	-6.7838e-05	-8.2695e-05	-3.9852e-05	-2.3371e-05	3.3466e-05	-0.00010603	-3.1895e-05	0.00010669	2.6743e-05	0.00019183	0.00037189	0.00027947	0.00027241
-0.00029329	-0.00026108	-0.00019197	-0.00018908	-0.00011624	-0.0001353	-0.00013796	3.0155e-06	-5.7136e-05	5.751e-05	5.8138e-06	9.1103e-06	2.9898e-05	-0.000114	-1.2071e-05	-3.2247e-05	0.00020876	0.00018834	0.00046038	0.00011919	0.00062233
-0.00026491	-0.00019339	-0.00024311	-0.00019291	-0.00018064	-0.00015297	-0.0001576	-0.00011719	-6.4595e-05	-5.011e-05	-0.00014163	-8.1748e-05	-9.6629e-05	3.6238e-05	-7.2378e-05	-1.4917e-05	0.00011826	0.00023597	0.00038385	0.00052926	0.00019427
-0.00026135	-0.00024247	-0.00018089	-0.00018209	-0.00015518	-0.00019656	-0.00015376	-0.00010656	1.9807e-05	-9.1453e-05	-3.6605e-05	-7.3931e-05	-3.8247e-05	-3.3134e-05	-0.00014515	0.00013891	0.0002017	0.00011484	0.00025853	0.00050664	0.00051472
-0.00031861	-0.00024096	-0.00025481	-0.00017996	-0.00020266	-4.7805e-05	-0.00011146	-2.4512e-05	-0.00013517	-9.3114e-05	-1.5697e-05	-2.7234e-05	2.1741e-05	-4.6931e-06	-7.3141e-05	8.1759e-06	0.00016978	0.00024872	0.00044195	0.00030157	0.00023794
-0.00037848	-0.00033774	-0.00023968	-0.00018425	-0.00020714	-0.00014327	-0.00013823	-6.565e-05	-2.469e-05	-0.00018716	2.6948e-06	-4.3517e-06	-7.8347e-05	-7.0109e-05	-1.9245e-05	0.00015301	0.00021795	0.00013168	0.00017039	0.00052871	0.00017012
-0.00048632	-0.00035251	-0.00038441	-0.00028688	-0.00032025	-8.2324e-05	-0.00018897	-2.9009e-05	-8.3188e-05	-8.1452e-05	-5.2048e-05	-3.991e-05	3.9848e-05	-0.00010232	-0.000164	7.9224e-06	7.8943e-05	0.00025831	0.00039507	0.00018655	0.00033914
-0.00046174	-0.00043701	-0.00039368	-0.000344	-0.00028036	-0.00020747	-0.00011185	-0.00013078	-0.0001568	-4.8993e-05	-9.6298e-05	-4.2183e-05	-0.0001591	2.8824e-05	6.1724e-07	0.00010994	-8.1345e-06	0.00019108	0.00038103	0.00052077	0.00037808
-0.00029289	-0.0004348	-0.00036797	-0.00040732	-0.00027369	-0.00023634	-0.0001577	-0.00014686	-0.00010349	-8.7003e-05	-4.125e-05	-8.1333e-05	4.8138e-06	-2.5326e-05	-8.7931e-08	5.4474e-05	0.00012403	0.00016234	0.00033585	0.00026994	7.4038e-05
-0.00063477	-0.00052536	-0.00037653	-0.00066379	-0.00036189	-0.00019972	-0.00012932	-0.00011981	-0.00010584	-0.00011502	-0.00023141	0.00010066	3.7843e-05	-9.9107e-05	-4.1672e-06	-1.4848e-05	0.00020646	0.00018646	0.0005957	0.00034303	0.00083772
-0.00061821	-0.00055468	-0.00053913	-0.00037198	-0.00045895	-0.00018446	-4.7326e-05	-2.5953e-05	-0.00012529	-6.6095e-05	-0.0001463	-1.5021e-05	1.5414e-05	-4.321e-05	2.7534e-06	9.2362e-05	0.00029556	0.00038362	0.00048522	0.00018116	0.00047811
-0.0007002	-0.00091624	-0.00023538	-0.00050791	-0.00032651	-0.0004361	-4.2431e-05	-2.945e-05	-0.00020785	-8.9697e-05	-8.1421e-05	-8.879e-05	-6.066e-05	1.6552e-06	-2.6779e-05	8.0483e-05	0.00015488	8.1621e-05	0.00021689	0.00058833	0.00055995
-0.0010123	-0.00079619	-0.0011101	-0.00064637	-0.00049485	-0.0002812	-0.0004119	-0.00031687	-0.0001148	-5.99e-05	-9.5364e-05	-0.00019934	-5.4781e-05	0.00015851	5.0197e-05	5.984e-05	0.00011086	0.00026873	0.00049713	0.00048305	0.00086769
-0.0013955	-0.0013444	-0.00081209	-0.00096198	-0.00060931	-0.000776	-0.00055608	-0.00041784	-0.00023682	-0.00015184	-0.0001208	3.0286e-05	-3.0731e-05	-3.4174e-05	-0.00010569	-3.0693e-05	0.00012319	0.00038344	0.00054824	0.00039894	7.1274e-05
-0.0018955	-0.0012086	-0.0011978	-0.0011201	-0.00067126	-0.00084162	-0.00068142	-0.0006398	-0.00015192	-7.8072e-05	-0.00024274	-0.00037976	5.3267e-05	-1.0686e-05	-9.1229e-05	0.00018791	0.00025595	0.0003151	0.00047907	2.4024e-05	4.675e-05
-0.00266	-0.0028197	-0.0025617	-0.0015352	-0.0014577	-0.0012888	-0.00067387	-0.00082659	-0.00055993	-0.00039649	-0.00028719	-5.8867e-05	-0.00010296	-3.6034e-06	5.4622e-05	-6.055e-05	0.00017054	0.00044803	0.00077565	0.0010205	0.00051143
-0.0033568	-0.0035453	-0.0037794	-0.0018321	-0.0013902	-0.0019743	-0.00092289	-0.0009713	-0.00019497	-0.000191	-0.00020716	-0.00044885	-0.00023825	-7.0912e-05	-0.00011809	3.6224e-06	0.00052896	0.0002502	0.00074372	0.00075275	0.0015507
-0.0069638	-0.0049947	-0.0045913	-0.0019914	-0.0045301	-0.0017349	-0.00091759	-0.0016191	-0.0012009	-0.00040396	-0.00023276	6.781e-06	-0.00036039	-0.00012778	-5.67e-05	-6.0019e-05	4.1869e-05	0.00026956	0.00059982	0.00022767	0.0012048
-0.010541	-0.0077956	-0.008147	-0.0061463	-0.0024211	-0.0029659	-0.0022667	-0.0017858	-0.00078811	-0.00048606	-0.00086671	-0.00023202	1.4771e-05	-0.00012414	-4.4186e-05	2.4155e-06	6.6174e-05	0.00029845	0.00034414	0.0014267	0.00075166
